x0508
0115
0716
0219
0823
0928
1007
0623
0527
0407
0322
0402
0514
0513
1008
0210
0721
0302
0131
0618
0304
0321
1201
0413
0626
0727
1006
0119
0709
0706
0310
0605
0816
0605
0108
0724
1030
0527
0610
0321
0816
0730
0410
0915
0326
0303
0717
0220
0820
0715
0623
0821
1005
1023
0514
0430
0630
1222
0803
0612
0510
0219
0620
0218
0702
1120
0229
0520
0729
0403
0327
0303
0420
1103
0509
0629
0917
1105
0427
0501
0325
0812
0820
0312
0323
1102
0421
0226
0110
1010
1124
0931
1111
1018
0728
0212
0910
0815
0331
1207
0320
0520
0320
1117
0916
1128
1107
0104
0420
0907
0702
1022
0816
1017
0921
1027
1017
0203
0419
0915
0326
0717
0323
0913
1010
0304
0116
0629
0222
0112
0620
0718
1109
0315
0329
1208
1103
0209
0106
0226
0924
0302
0906
0618
0720
1105
1011
1001
0205
0730
1008
0904
1229
1215
0106
0315
1115
1118
0713
0920
0207
1011
0907
0103
0122
0831
0714
0504
1119
1108
1202
0124
0422
0816
1109
0625
0210
0618
1008
0210
1019
0519
0930
0313
0705
0419
0212
0530
0528
0815
0624
1125
1013
0623
1005
1007
0302
0814
0213
0823
0109
0402
0309
0622
0825
0724
0522
0504
0610
0317
0114
0202
0302
0215
0308
0208
0816
0721
0815
1121
0106
0516
1112
0325
0716
0205
1228
0823
1109
0120
0319
0316
0514
0813
0306
0403
0320
0903
1025
1123
0119
1206
1009
0207
0603
0927
0301
1224
0807
0724
1022
0515
0723
0319
0106
0630
0925
0721
0207
0322
0719
0608
0514
0618
1014
0612
1021
0427
0714
0702
0811
0613
0702
0627
0918
0921
1014
0323
0912
0813
1106
0813
1006
0505
0917
1001
0526
0922
0601
0721
1023
1216
1006
1121
1023
0627
0604
0314
1119
0418
0622
0616
0531
0315
0722
0119
0314
0102
1115
0430
0202
1027
0511
0916
0109
0220
0214
0807
0209
0317
1030
0201
0218
0423
1013
0905
1106
1007
0902
0214
0117
0611
0621
1120
1003
0726
0716
0420
1121
0725
0220
0505
0526
0410
0315
0716
0807
0305
0931
0503
0509
0603
1202
1202
0628
0617
0922
0422
0226
0310
1114
1028
0331
0429
1127
1002
0326
0303
0522
0525
0408
0511
0908
0725
0510
0308
0819
1007
0917
0722
0819
0826
0625
0302
0724
0717
1106
0512
0928
0711
0629
0722
0416
0417
1009
0623
0422
0317
1006
0912
0816
0114
0729
0430
0416
0810
0204
0617
0414
1202
0926
0223
0715
0603
0522
1214
1012
0526
0802
0803
0325
0526
0926
0328
0728
0826
0622
0726
0727
0816
1003
0722
0715
0112
1227
0328
1018
1129
0223
0919
0902
1129
0330
0528
0422
0925
0608
1111
0407
0527
0220
0802
0522
1001
1104
0715
0815
0923
0613
0904
0730
0621
1205
0621
0705
0702
0928
0714
0526
0229
0602
0209
0911
0814
1026
1029
1209
1019
0817
0707
0611
0603
0613
0404
0729
0318
0427
1026
1019
1226
1022
0903
1201
0310
0907
1022
0819
0316
0211
0123
1115
0722
0613
0201
0818
0619
0326
1030
0907
0412
0907
1021
0806
1117
0703
1021
0114
0710
1009
0216
0124
0611
0321
0605
1001
0705
0622
1030
0425
0613
1112
1005
0901
0110
0824
1020
0628
0208
0312
0312
0109
0821
0523
0422
1025
1002
0725
0621
0807
1129
0601
0705
1207
0402
1221
1114
1113
0414
1113
0815
0414
0203
1017
1029
1026
0504
0226
1022
0629
0224
0614
0727
0316
0618
0207
0620
0421
0701
1209
0520
0426
0810
0430
0911
1109
0517
0328
1002
0721
0803
0224
0103
0504
0318
0813
1021
0322
0315
1029
0710
0108
0615
0402
0318
0722
0621
0823
0604
0904
0418
1216
0422
0706
0610
1023
0329
0203
0903
0227
0626
0626
0615
0220
0417
0205
0520
0502
1227
0210
1026
1028
0706
0626
0203
0627
1228
0930
0409
0127
0907
0422
0419
1008
0622
0822
0202
0931
0427
0302
0821
1107
0820
0929
1123
0219
1016
0829
0725
0914
1111
0126
0428
0912
1023
0625
1108
1124
1026
0908
0309
0412
0713
0602
0425
0213
0304
0503
0321
0407
0910
0208
1004
1217
0206
0322
1218
0720
0217
0619
0812
0407
0402
0714
0612
0926
1105
0825
0715
0708
1222
0826
1007
0419
0622
0906
0619
1029
1103
0626
1018
0404
0918
1107
0228
1023
0707
0830
0814
0718
0510
0413
0514
1203
0805
0322
0610
0111
0808
0516
0402
0201
0311
0802
0213
0302
0516
0202
0410
1129
1019
0821
0912
0307
0810
0709
0124
1103
0814
0108
0616
0422
0410
0913
1002
0209
0204
0915
0326
0229
0820
0509
0403
1017
0105
0314
0929
1028
0926
0904
1204
0514
0613
0507
0927
0509
0712
0605
0126
0526
0420
1207
0421
1209
0107
0227
0902
0911
0521
0929
0117
1215
0723
1118
0319
0418
0531
0721
0817
1119
0407
0529
0903
0830
1131
1110
0608
0601
0401
0914
1112
1028
0821
1209
0319
0831
1021
0302
1106
1109
0429
0618
1004
0617
0626
1117
0217
0320
0414
1127
1026
0409
0922
0817
0106
1027
0323
0425
0827
0315
0323
0609
0717
0305
0213
0805
0427
0918
1016
0205
1008
0213
0711
0713
0721
0822
0931
0719
0227
0420
0917
1006
1109
0211
0704
0804
1014
0201
0628
0225
0318
0720
0916
1220
1117
0301
0930
0911
0425
1211
0921
1218
0127
0527
1120
1222
0123
0916
1108
0627
0417
0712
0503
0310
0605
0604
1024
0313
0324
0909
0419
0622
0715
0427
0719
0105
1116
0908
0416
0119
0521
0719
1107
1031
0426
0928
0603
0713
1003
1111
0814
0821
0410
1229
0616
1103
0320
0304
1123
0914
1106
0703
0929
0427
0205
0419
1126
0312
0920
1203
1015
0220
0319
1211
1013
0331
0828
0321
0812
0321
1231
1224
1116
0509
0508
0514
0629
1026
0227
0726
0625
1224
0821
0428
0428
1002
0417
0622
1013
0416
0305
0903
0916
0918
0423
1120
0223
0320
0527
0419
0420
1015
1007
0403
0510
1106
1010
1115
0109
0408
0202
0505
1014
0610
0314
0823
0318
1011
1206
0404
0702
0324
0211
1013
0414
0409
0204
0409
1105
0929
0422
0502
0918
0402
0928
0630
0121
0124
0323
0216
0604
0415
0103
0426
0430
1121
0921
1027
0801
0602
0829
0710
0502
0806
0126
0218
0615
1107
1026
0207
0516
0516
0213
0820
0512
0214
1025
0226
0817
0626
0724
0723
1130
0903
1005
1107
0515
0321
0825
0604
0511
0329
1211
0327
1007
0522
0704
1130
1003
1024
1101
0706
0708
0828
0810
0904
0925
0108
1205
0923
0226
0906
1028
1107
1003
0807
0312
0716
1227
1103
0713
0516
0623
0830
0713
0503
1029
0205
0602
0604
0203
0827
0126
0805
0203
0310
0324
1114
1010
0421
0425
0607
0726
0226
0223
0218
0918
1012
0830
1017
0329
0928
0408
0625
0318
0223
1124
0909
0209
0316
1120
1114
0522
0915
1119
1026
0506
0731
0815
1225
0828
0818
0406
0915
1019
0108
0911
1027
0516
0828
0911
0806
0713
0403
0512
0302
0809
0907
1023
0718
0331
0817
0207
0927
0418
0204
1221
0211
0431
0929
1211
0422
1109
0217
0111
0220
1019
0327
1123
0814
0126
0614
0529
0224
0826
0929
0104
0931
0818
0823
1005
0709
0313
0809
0210
0205
0423
0313
0322
0322
0817
0408
0518
0426
1124
1001
0903
0515
0215
0419
0815
0731
0815
0516
0414
0705
0126
0322
1202
0425
0610
0706
0419
0315
0820
0818
0427
1115
0323
1021
1013
0406
0208
0822
0622
0413
0718
0703
1125
0914
0603
0723
0410
1128
0711
0830
0221
0510
0930
0806
1006
0713
1119
1104
0615
0315
1017
0821
0903
0502
0218
1011
0424
0901
0903
0511
0119
0723
0718
0916
0622
0224
0916
1123
0714
1126
1211
0923
0928
0222
0726
0502
0724
0906
0527
1212
0723
0915
0723
0921
0817
1118
0226
0818
1004
1129
0316
0930
0617
0725
1013
0308
0324
0827
0305
0723
0313
1006
0214
0405
0512
0720
0203
0419
0518
1111
0626
0524
0109
0730
0722
1103
1110
0125
1123
0722
0628
1021
1019
0523
1207
0525
1118
1224
0121
0716
0524
0702
1006
0420
1124
0314
0625
0109
0614
0405
0823
0518
0317
0412
0823
0414
0822
1010
0624
1102
1228
0127
0631
0314
0701
0417
0323
1017
1115
1021
0430
1024
0515
0120
0608
0725
0813
0616
1208
1228
0222
0420
0528
1117
1213
0808
0319
0218
0728
0912
0628
0323
0123
0818
0720
1113
0203
0921
1124
0104
1110
0809
1105
0512
1223
0925
1214
1117
1022
1008
1004
0130
0431
0903
0405
0212
0608
0725
0308
0610
0212
0205
0804
1128
0909
0331
0412
1115
0722
0411
1011
0413
0709
0405
1115
0309
0716
0717
1009
0922
1205
0606
0304
0324
0612
1008
0603
0612
0410
0717
1127
0823
1006
0707
0611
0424
1206
1025
0107
0618
0617
0806
0707
0718
1015
0414
0406
0904
0603
1106
1222
1118
0613
0225
0416
0602
0710
0929
0129
0906
0810
0813
1223
0205
0106
0331
0705
0410
0227
0615
1019
0909
0202
0821
0116
1118
0929
1224
1014
0426
0111
1127
0810
0311
0314
0619
0630
0711
1111
1127
0316
0722
0616
0210
1231
0911
0213
0222
1119
0620
1022
0128
1114
0310
1008
0629
0905
0825
0526
1113
1114
0107
0720
1005
0108
0322
0615
0526
1021
1022
0214
0626
0905
0213
0919
0329
0925
1204
1229
0823
0215
0120
0516
1031
1106
0905
0405
0229
0316
0516
0410
0902
0410
0611
0728
1015
0311
0213
0730
0222
1009
0206
0725
0316
1229
1130
0928
0925
0612
0330
0124
0628
1107
0418
1003
0703
1222
1115
1115
0515
0926
0811
1017
0106
0810
0904
0320
0122
0803
0625
0924
0623
0501
0307
0930
0224
0818
1022
0511
0508
0329
0114
0903
0914
1126
0813
0102
0216
0419
0822
1024
0603
0527
0129
0225
0221
0822
1029
0627
0320
0621
1108
1203
0701
0722
0111
0526
0920
0416
0705
0712
1122
1127
0826
1004
1206
0706
0217
0730
0208
0530
0719
0619
0404
0807
0712
1022
0817
0929
0902
0412
0320
0803
0322
1015
0902
1125
1120
0722
0303
0628
0719
0306
0409
0118
1017
0611
0909
1024
0610
0308
1207
0216
0923
0710
0430
0406
0926
1124
0929
0716
0206
0518
0730
0428
0613
1231
0807
0312
0311
0810
0608
0524
1121
0720
0412
0623
0822
0713
0219
0202
0809
1209
0801
0222
0402
1008
0425
0126
0330
0625
0306
0304
0203
0917
0218
0222
0904
0204
0307
0205
1007
0927
0321
0626
1124
0208
0602
1104
0525
0506
0317
0703
1105
1011
0211
0323
0210
1122
0428
0506
0718
0528
0203
1022
0130
0905
0115
0428
1128
0923
0120
1020
0507
0702
0126
0623
1021
0912
1022
0823
0101
0322
1103
0828
0430
0625
0821
0809
0224
0902
0312
0629
1130
0513
0717
0113
0306
0730
0607
0617
0319
0314
0619
0631
1130
0703
1123
0226
0429
0202
0718
0828
0526
0211
1223
0412
0729
1003
1116
1230
0523
0818
0815
0925
0522
0426
0829
0619
1017
0414
0417
1223
0709
1006
0502
1108
0513
1222
0714
1022
1020
0207
0908
0506
0622
0226
0627
0811
1121
0618
0807
0107
0622
0423
0911
1011
1130
0707
0326
0902
0804
0725
0128
0517
0824
0618
0817
0605
0904
0610
0415
0615
0324
0817
0703
1011
0910
0709
0613
0615
1128
1026
0712
0705
0914
1104
1114
0204
1005
0424
0116
1022
0716
0605
0629
0626
0511
0926
0718
1209
0829
0426
1117
0514
0824
1022
0529
0620
0612
1029
0404
0516
0129
0215
1011
0225
0906
0910
0802
1119
1213
0607
1009
0731
0216
1113
0802
1021
1002
1128
0910
0506
0320
0327
0529
1128
1203
0205
0521
0121
0131
0922
1109
0704
0811
0314
0326
0609
0207
0405
0426
1111
0404
1019
0808
0721
0325
1217
0426
1028
0312
1109
0827
0406
0807
0524
0805
0305
0621
0711
0516
0812
1108
0726
1211
0202
0805
0621
0614
0206
0614
0521
0715
0225
0714
0215
1022
0829
1001
0511
0125
0218
0424
1106
1104
0418
0719
0416
0411
0415
0218
0521
0823
1206
0523
0301
0308
0403
0624
0413
0903
0313
0129
0805
1102
0425
0530
0629
1025
0413
0323
0423
1023
1127
0605
0320
0730
0321
1005
0224
1027
0410
1117
1116
0704
0729
0504
1215
0929
0505
0607
0306
0619
1221
0515
1203
1017
0628
1104
1013
1227
0908
0224
0215
0311
1127
0610
0812
0305
0321
0504
1008
0726
1008
0809
0210
0817
0402
0416
0630
0507
1007
0225
0422
1112
0422
0727
0606
1018
1203
0319
1001
0207
0303
0130
0419
0219
0429
1122
0331
0714
0626
0306
1004
0521
0529
0306
0919
1216
0313
0811
1125
0826
0815
0624
0405
0919
0511
0528
0721
1223
0808
1006
0713
0713
0502
0708
0130
1120
0120
0725
1027
0415
0215
0803
0917
0819
0310
1128
0827
0518
0615
1014
0728
0712
0309
0514
0226
0607
0714
0613
0329
0309
0523
0931
0425
1027
0628
0817
0422
0325
0420
0620
1008
1006
0604
1004
0519
1006
0312
1025
0224
1102
0111
0329
1024
0718
0509
0705
1125
0929
0528
0305
1227
0415
0330
1107
0605
0419
0903
1109
0402
0318
0929
0712
0708
0407
0705
1018
0307
0425
0816
1215
0311
0810
0320
0720
0819
0729
1007
0316
0703
1010
1028
0305
0322
0808
0921
0416
0328
0414
0717
1123
0412
1229
0423
0726
1230
0920
0609
1011
0507
0312
0811
1009
0614
0919
1122
1118
1009
1210
0309
1208
0913
0524
0920
0210
1006
1224
0224
0518
0514
0523
1029
0526
0910
1128
0518
0502
0915
1011
0411
0816
0713
0421
0724
1228
0411
1110
0218
0715
0311
0310
0827
0709
0429
0517
0216
0830
1014
0326
0924
0523
1221
0927
0321
0711
0921
1004
0310
0822
0822
0920
0712
1022
0320
0528
0302
0729
0317
0521
0601
0612
1107
0529
0824
0722
0710
0829
1210
0311
0807
0216
0308
0313
0612
0625
0626
0422
0919
0309
1004
0825
0923
0625
0823
0326
0322
0811
1124
1108
0826
0508
0714
0508
1129
0702
0205
0501
0921
0202
0527
0701
0219
0421
1007
0621
1203
0716
0609
0913
0715
0824
1019
1002
1021
0417
1128
0815
0915
1025
0530
1021
0108
0611
0605
0608
1116
1227
0618
0925
0926
1203
1113
0922
1120
1012
0908
0220
0605
0820
1122
0317
0228
1206
0326
1015
0621
0116
1225
0115
0930
0704
0305
1016
0507
1124
0407
1215
1021
0323
0401
0908
0204
0203
1014
0216
0316
1119
0407
0814
0524
1130
0517
0811
0308
1025
1009
0330
0930
0201
0319
1015
0508
0821
0905
0129
1115
0607
0516
0716
0303
0808
0530
0718
0915
0413
0428
0524
0211
1220
0217
0304
0603
0830
0707
1123
0221
0504
1028
0326
0802
0209
0627
1211
1217
0404
0113
0624
0409
0221
0926
0222
0209
0907
1113
1120
0817
0405
0931
0305
1025
0323
0907
1020
0604
0308
0726
0226
0711
0412
0806
0606
0715
1109
0319
1028
0609
0719
0726
1123
1107
0614
0227
0707
0125
0324
0224
0617
0721
0827
0413
0617
0410
0615
0918
0707
1225
0608
0422
0821
0913
0609
0506
1118
0503
1030
0204
0510
0902
0519
1031
0807
1212
0629
0612
0924
0503
0311
1210
0131
0226
0429
0809
0417
0129
1015
1022
0430
0404
0418
0625
0908
0525
0706
0515
0519
0727
0531
0610
1118
0922
0207
0327
0718
0510
0325
0123
0130
0718
0126
0517
0801
0431
0705
0905
0926
1018
1224
0508
1110
0201
0824
0809
0816
0325
0428
1010
1010
0307
0108
0916
1007
0115
0625
0108
0428
1105
1110
1120
0611
0624
1109
0523
0511
0518
0910
1004
0825
0527
1215
0814
0418
0316
0819
0307
1025
0613
0805
1217
0424
0420
0808
0817
0421
0922
0419
1112
0815
0917
0622
0121
0902
0709
0813
0329
1030
0802
1019
1226
0303
0611
0306
1109
0916
0422
0322
0221
0709
0830
0202
0623
0818
0807
1025
0327
0427
0107
0401
1111
1206
1123
0428
0818
0411
0520
0605
0323
0324
0218
1011
0214
1104
0710
0218
0110
0825
0122
0306
1003
0714
0621
0122
0505
0715
1204
0616
0814
0225
0605
1013
1127
0404
1019
0330
0601
0607
0623
1104
0516
0228
0514
0909
0326
0717
0530
0904
0528
1121
0628
0801
1017
0224
0406
0121
1122
1125
0505
0509
0225
0405
0102
1114
1015
0606
0921
0221
0228
0924
0514
0808
0411
1221
0718
0110
0112
0729
1215
0103
0608
1211
1224
0218
0920
0911
0428
1118
0307
0201
0411
0224
0212
0312
0927
0423
0210
1017
0706
0904
0213
0928
1027
1008
1005
0512
1029
1028
0106
0106
0426
0121
1106
0416
0130
1114
0730
0729
0328
0518
1105
0110
0112
0208
1030
0524
0704
0411
0919
0307
0901
0829
0820
0123
0211
0804
1219
0316
0317
0421
0730
0730
0307
0208
0314
0503
1213
0614
0612
1102
0903
1028
0829
1102
1009
0919
0708
0725
1118
0709
0804
0416
0225
0706
0503
0406
0716
0220
0811
0102
0509
1029
0810
1019
1118
0627
0119
0415
1010
0619
0227
0406
0830
0415
1026
0211
0720
0109
0918
1117
0125
0931
1121
1020
0305
0923
1112
0814
0606
1009
0422
0528
1006
0605
0813
0705
0302
0225
1106
1110
0104
0417
1129
0713
0831
1209
0129
0822
0420
0821
0404
0810
0223
0604
0529
0107
0904
0324
0117
1019
0917
1231
1003
1119
0209
0215
0112
0309
1024
0411
0317
0225
0320
0227
0802
0830
1012
0228
1110
0307
0629
0123
1225
0406
0503
0922
0416
0924
0927
0213
0327
0907
0704
1115
0623
1222
0824
0616
0401
1018
0602
0125
0429
1218
1130
0605
0306
0822
0905
1117
0529
1015
0628
0212
0915
0415
1028
0430
0330
1013
1213
0905
0530
0215
0924
1010
0627
0712
1227
0213
0803
0809
0608
1017
0324
0621
1022
0420
0421
0919
0110
0318
1226
0127
0215
0405
0922
0512
0405
1022
1026
0503
1217
0311
1126
0913
1026
1019
0925
1028
0302
1027
0905
0320
0929
0610
0611
0321
0825
0323
0707
0214
0324
0102
0502
0909
0212
0917
1004
1012
0708
0330
0923
1213
0804
0330
0327
0921
0302
0814
0925
0208
0928
0909
0723
0916
0528
0121
1130
1125
1119
1026
1127
0709
0611
0920
0318
0313
0330
0924
1005
0627
1017
0912
0410
0228
0224
1229
0628
1019
1019
1219
0606
0619
0210
0115
0309
0428
0504
0424
0503
0221
1102
0407
0809
0623
0726
1114
0917
0915
0410
0208
0907
0719
0329
0925
1108
0302
0816
1220
0908
0617
0206
0224
1013
0127
0213
0508
0607
0216
0825
1222
0608
0926
0214
0111
1214
0628
0505
0513
1009
0322
0209
1131
1123
0410
0309
0529
0712
0227
0226
0521
0421
0612
0704
1020
0931
1006
1018
0524
0228
0208
1015
1231
0604
1004
0627
0821
0226
0323
1105
1026
0804
0526
1117
0909
1106
0906
0402
0520
0323
0621
0225
0703
1017
1205
0703
1017
1123
0715
0415
0709
1031
0921
0702
0810
1215
0908
0722
0829
0926
0212
0123
0401
0720
0219
0819
1102
1002
0912
0820
1023
0416
0815
0711
1204
0923
1015
0316
0329
0416
0902
0706
1214
1026
0721
0219
0226
1114
0517
0204
0322
0225
0404
0203
0920
0619
0916
0326
0719
0628
0619
0212
1207
0202
0609
0611
1022
0722
1205
0214
0310
0415
0730
1005
0330
0504
0630
0328
0901
0107
0607
1126
1103
0509
0414
1011
0115
0402
0330
0615
0504
1214
0421
0813
0304
0331
1107
1004
1228
0319
0721
0318
0328
0430
1126
0406
1008
0319
0116
0725
1222
0909
1230
0611
0902
1001
0828
0329
1022
0307
0404
0323
0428
0815
0828
0624
0422
0309
0208
0401
0819
1006
0324
0507
0413
0522
0302
0818
0720
0908
0606
0524
0202
0215
0422
0120
0705
0621
0217
1213
0121
0521
0210
0723
0710
0903
0825
1018
1111
0803
1222
1221
0525
1125
0729
0413
0304
0521
0713
0103
0909
1004
0607
0123
0128
0601
0423
0219
0225
0917
1115
1020
0108
0511
0620
0319
0103
0213
0215
0125
0825
0930
1121
0428
0512
0922
0428
0603
0125
0605
0626
1030
0511
0318
1124
1205
0412
0108
0118
0631
0909
0720
1207
1121
1113
0415
0811
0816
0525
0302
0112
0918
0726
0427
1120
0827
1116
0424
0609
0723
1106
1127
0822
0502
0624
0608
0616
0829
0509
0304
1011
0902
0318
0824
0515
0527
0926
1022
0415
0719
0919
1019
0812
1130
0222
0204
0901
0630
0508
1121
1129
0627
0206
1229
0813
1120
0722
0430
0102
1020
1024
0926
0512
0331
0316
1016
0619
1002
0211
1106
0315
1207
0418
0706
1128
0408
0828
0413
0721
0501
1129
0729
0525
0221
0427
0929
0328
1123
0705
0329
0613
1113
0325
1207
0621
0930
0701
0609
0302
0705
1117
0911
0215
0821
0612
0204
0929
1121
0209
0730
1112
1105
0529
0927
1001
0113
1223
0626
1109
0828
0507
0624
0627
0630
0423
0513
0916
0628
1220
0411
0627
0422
0304
0508
0306
0419
0520
0906
0329
0823
0329
0417
1116
0526
0831
0219
1124
0631
0807
0306
0508
0211
0301
0111
0404
1125
0525
0505
0527
0823
0308
0527
0416
0619
1120
0614
0529
1120
0822
1115
1104
0504
1220
0312
0212
0205
0325
0915
1022
1015
1110
0602
0922
0404
0729
0902
0830
0501
1118
0321
0203
0408
0810
0828
0229
0706
0901
0201
0823
0221
0429
0618
0402
0920
0309
0306
1130
0516
1120
0210
0215
0723
0406
0229
0607
0123
1008
0217
0629
1015
0322
0726
0911
1208
0721
1016
0220
1207
1128
1019
0214
0102
0612
0216
0708
0712
1016
0211
0707
0826
1124
0107
0611
0223
1214
0610
0419
0522
0320
0910
0522
0222
0209
0703
0204
1018
0529
0420
0824
0103
0714
1016
0715
0430
0409
0525
0721
1224
0709
0630
0224
1119
0531
1207
0614
0519
0430
0324
0815
0906
0425
0828
0219
0509
0212
0613
1025
0104
0703
0713
0220
0520
0417
0719
0505
0708
0519
0414
0907
0214
0207
0418
1117
0325
1109
0509
0722
1106
1109
0227
0319
0806
0627
0823
0609
0908
1021
0418
0309
1023
0726
0524
0926
0311
0319
0816
0715
0629
0318
0202
0410
0915
1112
1117
0628
0504
0306
1117
0304
0422
0730
0330
0624
0318
0830
0320
1201
1022
0326
1002
0710
0318
0715
0629
0630
0609
0330
0517
1015
0415
1204
0324
0811
0506
0215
0828
0320
1122
0912
0908
0911
0212
0617
0222
0930
0303
0324
0304
1116
0822
0508
0228
0606
0824
0403
1106
0424
0505
0418
1121
0426
0920
0617
1112
1012
0811
0628
0914
0706
0916
0711
0219
1006
1022
0620
1131
0204
1112
0703
0206
0707
0731
1012
0907
0605
1020
0608
0725
1112
0710
0206
0724
0412
1222
0929
0209
0415
0507
0921
0220
0108
1103
0221
1107
0908
0507
1022
0204
0918
0801
0509
1122
0930
1014
0812
1217
0803
0925
1118
0513
0629
0225
0910
0312
0217
1111
0226
0219
1011
0514
1211
0902
1115
0722
0126
0920
0612
1122
0917
0511
0319
0718
0925
1104
1016
0726
1018
0314
0827
0228
0805
0424
0203
0620
0413
0328
1006
0623
0723
0608
0526
1006
0814
0421
0322
0712
1215
1023
0305
1110
0524
1225
0831
0920
0528
1017
0431
0429
0703
0209
0404
0407
0704
0327
0617
1107
0321
0522
0218
0319
0910
0919
0717
0904
0301
1121
0223
0430
0301
0321
0917
0711
0413
0315
0417
0624
0629
0729
0616
0218
0607
1012
0413
0326
0806
0429
0618
0729
0512
0528
1119
1007
0114
0304
0908
1215
0204
1130
0328
0602
0812
0224
1209
1116
1013
0609
0517
0720
1230
0602
0920
1124
1106
0927
0606
1116
0707
0617
0120
0202
0714
1019
0522
0611
0813
0926
0714
0904
0212
1117
0906
1202
0308
0628
0719
0423
0405
0730
1012
0902
0213
0913
0930
1012
0413
1128
0929
0509
0219
0517
0223
0819
0703
1028
0625
0115
0317
0724
1129
1014
1017
0906
1006
0711
0525
1030
0917
0515
0227
0512
0502
0826
0415
0312
0820
0518
0609
0519
1230
0615
0908
1206
0107
0417
0706
1125
0920
0322
0922
1122
0811
0718
0928
0724
0218
0604
0103
1113
0820
0916
0422
0510
0822
0603
0918
0508
0727
0920
0615
0602
0827
0830
0610
0903
1028
0323
0630
1212
0512
0324
0128
0313
0619
1008
0630
0307
0517
0817
1120
0702
0212
1001
0810
0819
1006
1031
0802
1106
0716
0505
0922
1013
0531
0830
0714
0608
0702
1201
0213
0823
0902
0606
0323
0215
0319
0629
0430
0312
0707
0324
0302
0706
0224
0922
0108
1004
0612
0603
0521
0710
0616
0723
0402
0226
0701
0309
0302
0606
0417
0107
0628
0403
0309
0705
0729
1218
0716
0428
0409
0811
0614
0226
0311
0416
1029
1025
0903
0426
0304
0202
1103
1123
0416
0613
0418
0926
1216
0303
0825
0225
1123
0906
0217
1221
1016
1019
0330
0708
1016
1004
0402
0909
0505
0503
0222
0708
0612
0730
0802
0929
1110
0427
1012
0517
0810
1014
0928
1223
0712
0108
0908
0525
1120
0822
0403
1130
0728
0513
0114
0604
0709
0211
1223
0813
0427